Tallformatet viser til kolonnenummer:
0=PowerA, 1=PowerB, 
2=e, 3=TVa, 4=TVb, 5=IAE, 6=MAE, 7=u, 8=o, 
0.0,0.0,0,0,0,0,0,0,0
-0.2734375,0.2734375,-1,0,0,0.0,0,26,0.707106781187
-0.2734375,0.2734375,-1,0.2734375,0.2734375,0.0782449245453,0,26,1.15470053838
-0.2734375,0.2734375,0,0.2734375,0.2734375,0.160646915436,0,26,1.0
-0.2734375,0.2734375,-1,0.2734375,0.2734375,0.160646915436,0,26,1.3416407865
-0.2734375,0.2734375,-1,0.2734375,0.2734375,0.233641862869,0,26,1.63299316186
-0.2734375,0.2734375,-1,0.2734375,0.2734375,0.295778989792,0,26,1.88982236505
-0.2734375,0.2734375,-1,0.2734375,0.2734375,0.385507822037,0,26,2.12132034356
-0.2734375,0.2734375,-1,0.2734375,0.2734375,0.474556922913,0,26,2.33333333333
-0.2734375,0.2734375,-1,0.2734375,0.2734375,0.555782794952,0,26,2.52982212813
-0.2734375,0.2734375,-1,0.2734375,0.2734375,0.625432014465,0,26,2.7136021012
-0.2734375,0.2734375,-1,0.2734375,0.2734375,0.699280023575,0,26,2.88675134595
-0.2734375,0.2734375,-1,0.2734375,0.2734375,0.773455858231,0,26,3.05085107924
-0.2734375,0.2734375,-1,0.2734375,0.2734375,0.845898866653,0,26,3.20713490295
-0.2734375,0.2734375,-1,0.2734375,0.2734375,0.909195899963,0,26,3.35658556671
5.3515625,5.5859375,-1,0.2734375,0.2734375,0.987804889679,0,26,3.5
7.01171875,7.24609375,-1,5.8984375,5.5859375,1.06057882309,0,26,3.63803437554
6.42578125,6.66015625,-1,7.55859375,7.24609375,1.1455988884,0,26,3.77123616633
6.42578125,6.66015625,-1,8.14453125,7.83203125,1.21942996979,0,26,3.9000674758
6.42578125,6.66015625,-1,8.14453125,7.83203125,1.29784488678,0,26,4.0249223595
6.42578125,6.66015625,-1,8.14453125,7.83203125,1.37509894371,0,26,4.14613991448
6.42578125,6.66015625,0,8.14453125,7.83203125,1.46380090714,0,26,4.05081361076
4.1796875,4.4140625,-1,8.14453125,7.83203125,1.46380090714,0,26,4.17028828114
4.5703125,4.8046875,-1,10.390625,10.078125,1.54372191429,0,26,4.28660704987
3.59375,3.828125,-1,10.78125,10.46875,1.63773798943,0,26,4.4
2.2265625,2.4609375,0,11.7578125,11.4453125,1.72373795509,0,26,4.31455497304
2.2265625,2.4609375,-1,13.125,12.8125,1.72373795509,0,26,4.42635206379
2.2265625,2.4609375,0,13.125,12.8125,1.81975293159,0,26,4.34659143961
2.421875,2.65625,-1,13.125,12.8125,1.81975293159,0,26,4.45668811625
2.51953125,2.75390625,0,13.3203125,13.0078125,1.90578889847,0,26,4.38178046004
2.51953125,2.75390625,-1,13.41796875,13.10546875,1.90578889847,0,26,4.49013255067
2.51953125,2.75390625,-1,13.41796875,13.10546875,1.998005867,0,26,4.59619407771
2.51953125,2.75390625,-1,13.41796875,13.10546875,2.09404277802,0,26,4.7000967108
2.51953125,2.75390625,-1,13.41796875,13.10546875,2.19018793106,0,26,4.80196038399
2.01171875,3.26171875,0,13.41796875,13.10546875,2.28920197487,0,26,4.73286382648
0.52734375,0.83984375,0,13.92578125,13.61328125,2.28920197487,0,26,4.66666666667
0.41015625,0.56640625,0,15.41015625,16.03515625,2.28920197487,0,26,4.60317164455
0.41015625,0.56640625,-1,15.52734375,16.30859375,2.28920197487,0,26,4.70442121279
0.41015625,0.56640625,-1,15.52734375,16.30859375,2.39414286613,0,26,4.80384461415
0.3125,0.46875,0,15.52734375,16.30859375,2.49459004402,0,26,4.74341649025
0.3125,0.46875,-1,15.625,16.40625,2.49459004402,0,26,4.84138661855
0.3125,0.46875,-1,15.625,16.40625,2.59719395638,0,26,4.93770719879
0.3125,0.46875,-1,15.625,16.40625,2.69153690338,0,26,5.03245282098
1.796875,-1.015625,0,15.625,16.40625,2.79065895081,0,26,4.97493718553
3.7890625,3.2421875,0,17.109375,17.890625,2.79065895081,0,26,4.9193495505
5.546875,5.390625,0,19.1015625,22.1484375,2.79065895081,0,26,4.86558455311
8.41796875,8.57421875,0,20.859375,24.296875,2.79065895081,0,26,4.81354471943
11.25,11.40625,-1,23.73046875,27.48046875,2.79065895081,0,26,4.90747728811
20.0,19.0625,0,26.5625,30.3125,2.88612103462,0,26,4.85714285714
24.12109375,22.55859375,0,35.3125,37.96875,2.88612103462,0,26,4.80832611207
24.375,24.0625,1,39.43359375,41.46484375,2.88612103462,0,26,4.9009802941
24.2578125,24.1796875,3,39.6875,42.96875,2.97802114487,0,26,6.10170215848
18.28125,18.4375,6,39.8046875,43.0859375,3.26828622818,0,26,10.9888451159
16.328125,16.484375,3,45.78125,48.828125,3.86358785629,0,26,12.1113659504
16.328125,16.484375,2,47.734375,50.78125,4.12978100777,0,26,12.5401174418
16.328125,16.484375,3,47.734375,50.78125,4.32931876183,0,26,13.6303233375
16.328125,16.484375,3,47.734375,50.78125,4.62621426582,0,26,14.7023091634
16.328125,16.484375,3,47.734375,50.78125,4.9057033062,1,26,15.7567719432
16.328125,16.484375,3,47.734375,50.78125,5.16782808304,1,26,16.7943695165
18.28125,18.4375,3,47.734375,50.78125,5.46957445145,1,26,17.8157233926
18.57421875,18.73046875,3,49.6875,52.734375,5.77765583992,1,26,18.8214213501
18.57421875,18.73046875,3,49.98046875,53.02734375,6.06298279762,1,25,27.178027178
18.28125,18.4375,2,49.98046875,53.02734375,6.39306688309,1,25,27.087453899
18.828125,17.890625,2,50.2734375,53.3203125,6.57497882843,1,25,27.0
17.94921875,17.01171875,3,50.8203125,53.8671875,6.77510499954,1,25,27.2876416096
15.9375,14.53125,2,51.69921875,54.74609375,7.1786801815,1,25,27.2032195064
14.1796875,12.7734375,2,53.7109375,57.2265625,7.36963820457,1,25,27.1216166471
14.453125,10.546875,1,55.46875,58.984375,7.56794428825,1,25,26.921454379
13.90625,11.09375,0,55.7421875,61.2109375,7.67279314995,1,25,26.8460452381
14.84375,10.15625,1,56.2890625,61.7578125,7.67279314995,1,25,26.6535979882
14.6875,11.875,1,57.2265625,62.6953125,7.76316714287,1,25,26.4652309777
12.421875,12.578125,1,57.3828125,64.4140625,7.86206412315,1,25,26.2808020341
15.15625,15.3125,1,59.6484375,65.1171875,7.9614610672,1,25,26.1001758247
22.1875,22.34375,1,62.3828125,67.8515625,8.07182312012,1,25,25.9232234399
18.8671875,19.0234375,1,69.4140625,74.8828125,8.16824316978,1,25,25.7498220059
17.109375,17.265625,2,72.734375,78.203125,8.27347302437,1,25,25.6945621935
17.59765625,17.75390625,2,74.4921875,79.9609375,8.48084521294,1,25,25.6411297034
17.94921875,17.01171875,1,74.98046875,80.44921875,8.7216231823,1,25,25.4762332683
19.12109375,15.83984375,1,75.33203125,81.19140625,8.83178114891,1,25,25.3144777708
18.33984375,16.62109375,2,76.50390625,82.36328125,8.94093108177,1,25,25.2675681457
19.19921875,15.76171875,4,77.28515625,83.14453125,9.18360114098,1,25,26.1111111111
17.94921875,17.01171875,5,78.14453125,84.00390625,9.63402533531,1,25,27.7183130448
16.4453125,16.3671875,6,79.39453125,85.25390625,10.223590374,1,25,30.2949357572
16.4453125,16.3671875,7,80.8984375,85.8984375,10.9140467644,1,25,34.0419908768
13.5546875,19.2578125,8,80.8984375,85.8984375,11.7568531036,1,25,39.1559476363
8.359375,20.546875,9,83.7890625,88.7890625,12.6214294434,1,25,45.8289286115
5.3515625,20.0390625,10,88.984375,90.078125,13.7067220211,1,25,54.2488942628
6.4453125,21.2890625,10,91.9921875,90.5859375,15.0541017056,1,25,62.5744102504
11.875,22.5,9,93.0859375,91.8359375,16.2458202839,1,24,76.9558460885
19.9609375,23.3984375,9,98.515625,93.046875,17.2294313908,1,24,81.6921728877
23.984375,28.359375,8,106.6015625,93.9453125,18.3330917358,1,24,85.0159002581
18.828125,25.703125,9,110.625,98.90625,19.273771286,2,24,89.6611980445
20.44921875,20.76171875,10,115.78125,101.5625,20.2525844574,2,24,95.8143365931
20.3125,16.40625,10,117.40234375,106.50390625,21.5715041161,2,24,101.90441913
18.7109375,18.3984375,10,117.5390625,110.859375,22.6946845055,2,24,107.932922639
19.4140625,15.3515625,10,119.140625,112.8515625,23.8504447937,2,24,113.901273039
18.203125,16.5625,11,119.84375,115.8984375,25.0966348648,2,24,121.536935966
19.4140625,15.3515625,11,121.0546875,117.109375,26.7617604733,2,24,129.097495194
20.0390625,14.7265625,11,122.265625,118.3203125,27.9864878654,2,24,136.584639094
18.75,11.71875,10,122.890625,118.9453125,29.4168510437,2,23,151.3
16.25,10.3125,9,124.1796875,121.953125,30.7221212387,2,23,154.131260764
17.3828125,9.5703125,8,126.6796875,123.359375,31.8656177521,2,23,155.849223265
16.8359375,8.5546875,7,127.8125,124.1015625,32.7703933716,2,23,156.667355228
18.6328125,5.1953125,6,128.359375,125.1171875,33.6769762039,2,23,156.794850043
19.21875,5.78125,5,130.15625,128.4765625,34.4170713425,2,23,156.436781694
20.46875,4.53125,4,130.7421875,129.0625,35.0057208538,2,23,155.794252322
20.46875,4.53125,4,131.9921875,130.3125,35.4415729046,2,23,155.161206492
20.46875,4.53125,2,131.9921875,130.3125,36.0533444881,2,23,154.537422053
20.4296875,4.5703125,3,131.9921875,130.3125,36.302000761,2,23,153.826901407
21.875,10.9375,3,132.03125,130.3515625,36.6105957031,2,23,153.126091833
23.59375,10.78125,3,133.4765625,136.71875,37.0319993496,2,23,152.434774118
24.765625,11.953125,3,135.1953125,136.875,37.4136476517,2,23,151.752735913
24.6484375,12.4609375,1,136.3671875,138.046875,37.8013169765,2,23,151.45605981
29.19921875,9.66796875,-2,136.484375,138.5546875,37.9453308582,2,23,153.131780194
23.59375,1.40625,-4,141.03515625,141.34765625,38.2248671055,2,23,157.033809708
25.703125,4.765625,-7,146.640625,149.609375,38.7517311573,2,23,165.640241654
25.703125,4.765625,-8,148.75,152.96875,39.6755206585,3,23,176.117312302
25.13671875,3.57421875,-8,148.75,152.96875,40.5564563274,3,24,175.277407248
24.5703125,4.3359375,-7,149.31640625,154.16015625,41.4585998058,3,24,181.96465166
23.984375,4.921875,-7,149.8828125,154.921875,42.4748680592,3,24,188.599133968
26.77734375,8.96484375,-7,150.46875,155.5078125,43.3236658573,3,24,195.181818182
27.55859375,9.74609375,-7,153.26171875,159.55078125,44.3373856544,3,24,201.713642183
27.55859375,9.74609375,-6,154.04296875,160.33203125,45.2268469334,3,24,206.662680266
29.21875,11.40625,-7,154.04296875,160.33203125,46.031842947,3,24,213.101690855
29.6875,9.375,-7,155.703125,161.9921875,47.0077130795,3,24,219.492432671
23.3984375,1.9921875,-9,156.171875,164.0234375,47.9725716114,3,24,229.399232641
23.203125,1.796875,-12,162.4609375,171.40625,49.1848721504,3,24,245.886488759
20.390625,-1.640625,-11,162.65625,171.6015625,50.7300534248,3,24,259.861742086
16.640625,-8.046875,-11,165.46875,175.0390625,52.3153076172,3,24,273.732186777
23.359375,-0.703125,-10,169.21875,181.4453125,54.4278023243,3,24,285.306973681
25.859375,3.046875,-9,175.9375,188.7890625,55.7846210003,3,25,282.119039896
26.640625,3.828125,-8,178.4375,192.5390625,57.104624033,3,25,288.098520607
26.8359375,4.0234375,-8,179.21875,193.3203125,58.1292173862,3,25,294.036990666
24.1015625,1.2890625,-6,179.4140625,193.515625,59.4207441807,3,25,297.1707384
24.1015625,1.2890625,-6,182.1484375,196.25,60.3110129833,3,25,300.285308776
24.1015625,1.2890625,-5,182.1484375,196.25,61.1637923717,3,25,302.266256314
24.1015625,1.2890625,-5,182.1484375,196.25,61.8540070057,3,25,304.236761913
24.1015625,1.2890625,-4,182.1484375,196.25,62.5549278259,3,25,305.26059193
24.1015625,1.2890625,-2,182.1484375,196.25,63.1624679565,3,25,304.92392022
24.1015625,1.2890625,-1,182.1484375,196.25,63.5049996376,3,25,304.171016277
24.1015625,1.2890625,2,182.1484375,196.25,63.6536607742,3,25,303.174691584
24.7265625,0.6640625,3,182.1484375,196.25,63.9628386497,3,25,302.44096153
24.1015625,1.2890625,5,182.7734375,196.875,64.4012582302,3,25,302.719607623
24.43359375,0.37109375,5,183.3984375,197.5,65.0701892376,3,25,303.0
23.5546875,-0.5078125,5,183.73046875,198.41796875,65.8523690701,3,25,303.282092426
23.5546875,-0.5078125,5,184.609375,199.296875,66.4917039871,3,25,303.565839939
23.5546875,-0.5078125,5,184.609375,199.296875,67.1874094009,3,25,303.851198814
23.3984375,-1.9140625,7,184.609375,199.296875,67.9651737213,3,25,305.782116388
22.65625,-3.90625,8,184.765625,200.703125,69.0547730923,3,25,308.768510844
22.65625,-3.90625,8,185.5078125,202.6953125,70.5282685757,3,25,311.738394598
21.875,-4.6875,8,185.5078125,202.6953125,71.9307172298,3,25,314.691997007
19.375,-8.4375,7,186.2890625,203.4765625,73.3307816982,3,25,316.575103337
19.140625,-10.546875,6,188.7890625,207.2265625,74.5809671879,3,25,317.559978381
18.0078125,-12.9296875,6,189.0234375,209.3359375,75.6503889561,3,24,330.145668361
19.296875,-12.265625,6,190.15625,211.71875,76.5903909206,3,24,330.364109978
18.4375,-13.75,5,191.4453125,212.3828125,77.5558803082,3,24,330.024124992
18.6328125,-13.5546875,4,192.3046875,213.8671875,78.3562860489,3,24,329.290648531
20.625,-12.03125,3,192.5,214.0625,79.0425262451,3,24,328.326491179
21.796875,-10.859375,2,194.4921875,215.5859375,79.5089480877,3,24,327.292389426
23.75,-8.90625,2,195.6640625,216.7578125,79.8196861744,3,24,326.267997588
25.15625,-6.40625,0,197.6171875,218.7109375,80.1704862118,3,24,325.568408817
25.46875,-6.71875,-1,199.0234375,221.2109375,80.1704862118,3,24,325.269119346
25.46875,-6.71875,-2,199.3359375,221.5234375,80.3503522873,3,24,325.523043015
25.3515625,-6.2109375,-2,199.3359375,221.5234375,80.6603159904,3,24,325.7784673
26.07421875,-6.73828125,-1,199.453125,222.03125,80.9897522926,3,24,325.490408554
25.44921875,-6.11328125,0,200.17578125,222.55859375,81.1478011608,3,24,324.818995008
26.796875,2.109375,1,200.80078125,223.18359375,81.1478011608,3,24,323.922405139
28.65234375,18.02734375,5,202.1484375,231.40625,81.3322663307,3,24,323.651276545
17.03125,22.03125,9,204.00390625,247.32421875,82.1020853519,3,24,326.461538462
-0.625,23.28125,11,215.625,251.328125,83.5298466682,3,24,331.712357676
-9.16015625,22.24609375,14,233.28125,252.578125,85.3227035999,3,24,341.752971556
-19.609375,20.390625,13,241.81640625,253.61328125,87.3898437023,3,24,349.984218913
-19.8046875,20.1953125,14,252.265625,255.46875,89.5257184505,3,24,359.919355129
-17.1484375,17.5390625,12,252.4609375,255.6640625,91.633754015,4,24,366.464594266
-16.3671875,16.7578125,7,255.1171875,258.3203125,93.6476051807,4,24,367.30587487
-3.671875,16.171875,3,255.8984375,259.1015625,94.6610946655,4,24,366.336283662
21.25,17.8125,0,268.59375,259.6875,95.1189813614,4,24,365.600628021
29.375,25.3125,-1,293.515625,261.328125,95.1189813614,4,24,365.246792048
27.421875,27.265625,0,301.640625,268.828125,95.2703313828,3,24,364.524094735
14.609375,22.109375,8,303.59375,270.78125,95.2703313828,4,24,366.193399115
-1.953125,23.046875,15,316.40625,275.9375,96.6043233871,4,24,377.742085123
-11.015625,19.609375,11,332.96875,276.875,99.4510805607,4,24,382.707022192
-18.046875,18.828125,-9,342.03125,280.3125,101.255951643,4,24,390.604519572
-20.1953125,19.0234375,-7,349.0625,281.09375,102.577654123,4,24,395.513047386
-21.5625,18.4375,15,351.2109375,281.2890625,103.839719057,4,24,406.867771867
-11.97265625,12.55859375,18,352.578125,281.875,106.186995268,4,24,424.543397987
18.6328125,15.7421875,14,362.16796875,287.75390625,109.400032759,4,24,433.937056477
18.1640625,-2.9296875,12,392.7734375,290.9375,111.761158228,4,24,440.074679349
21.875,-0.78125,12,393.2421875,309.609375,113.663938761,4,24,446.182846236
22.109375,0.546875,13,396.953125,311.7578125,115.617648363,4,24,453.785394444
20.703125,0.390625,15,397.1875,313.0859375,118.019411802,4,24,464.82432644
18.8671875,15.8984375,16,398.59375,313.2421875,120.569799185,4,23,489.881703407
28.046875,24.296875,14,400.4296875,328.75,123.296376944,4,23,497.320702192
24.921875,33.671875,-5,409.609375,337.1484375,125.678547621,4,23,500.632224004
25.46875,37.03125,-20,412.734375,346.5234375,126.526092291,4,24,522.549023587
18.828125,31.953125,9,413.28125,349.8828125,130.375894308,4,23,538.428571429
18.0078125,30.4296875,18,419.921875,354.9609375,132.079719305,4,23,553.090849056
17.0703125,27.8515625,11,420.7421875,356.484375,135.287122011,4,23,556.240668972
17.55859375,27.55859375,-4,421.6796875,359.0625,137.596209764,4,23,558.314837065
21.484375,26.953125,-29,422.16796875,359.35546875,138.814077616,4,24,613.76868607
24.21875,24.21875,9,426.09375,359.9609375,144.047534466,4,24,615.696188083
22.34375,22.578125,7,428.828125,362.6953125,145.777009964,4,23,629.860522043
4.1796875,4.4140625,5,430.703125,364.3359375,147.058170795,4,23,628.587971121
0.078125,0.3125,4,448.8671875,382.5,147.894540787,4,23,627.115435632
0.6640625,-0.2734375,4,452.96875,386.6015625,148.570680618,4,23,625.65385895
0.1171875,0.2734375,4,453.5546875,387.1875,149.156112671,4,23,624.203107504
0.1171875,0.2734375,4,454.1015625,387.734375,149.78143692,4,23,622.763049984
0.1171875,0.2734375,4,454.1015625,387.734375,150.380332947,4,23,621.333557297
0.1171875,0.2734375,4,454.1015625,387.734375,151.021300316,4,23,619.914502517
0.1171875,0.2734375,4,454.1015625,387.734375,151.66179657,4,23,618.505760839
0.1171875,0.2734375,4,454.1015625,387.734375,152.267204285,4,23,617.107209532
0.1171875,0.2734375,4,454.1015625,387.734375,152.92550087,4,23,615.7187279
0.1171875,0.2734375,4,454.1015625,387.734375,153.541924477,4,23,614.340197231
0.1171875,0.2734375,4,454.1015625,387.734375,154.148896217,4,23,612.971500763
0.1171875,0.2734375,4,454.1015625,387.734375,154.784968376,4,23,611.612523637
0.1171875,0.2734375,4,454.1015625,387.734375,155.365020752,4,23,610.263152862
0.1171875,0.2734375,4,454.1015625,387.734375,155.9585886,4,23,608.923277272
0.1171875,0.2734375,4,454.1015625,387.734375,156.561264992,4,23,607.592787492
0.1171875,0.2734375,4,454.1015625,387.734375,157.2013731,4,23,606.2715759
0.1171875,0.2734375,4,454.1015625,387.734375,157.829029083,4,23,604.959536588
0.1171875,0.2734375,4,454.1015625,387.734375,158.418557167,4,23,603.656565332
0.1171875,0.2734375,4,454.1015625,387.734375,158.987244606,4,23,602.362559555
0.1171875,0.2734375,4,454.1015625,387.734375,159.613044739,4,23,601.077418292
0.1171875,0.2734375,4,454.1015625,387.734375,160.224761009,4,23,599.801042162
0.1171875,0.2734375,4,454.1015625,387.734375,160.831960678,4,23,598.533333333
0.1171875,0.2734375,4,454.1015625,387.734375,161.466153145,4,23,597.274195493
0.1171875,0.2734375,4,454.1015625,387.734375,162.102348328,4,23,596.023533817
0.1171875,0.2734375,4,454.1015625,387.734375,162.747904778,4,23,594.78125494
0.1171875,0.2734375,4,454.1015625,387.734375,163.355124474,4,23,593.547266929
0.1171875,0.2734375,4,454.1015625,387.734375,163.97187233,4,23,592.321479251
0.1171875,0.2734375,4,454.1015625,387.734375,164.665600777,4,23,591.103802752
7.9296875,8.0859375,4,454.1015625,387.734375,165.40576458,4,23,589.894149622
7.34375,7.5,4,461.9140625,395.546875,165.816196442,4,23,588.692433377
